$ANSIBLE_VAULT;1.1;AES256
39633833326538353463353333626566646534336438636632626263623163346262623137373239
6638303133393131393538323833656131323336666138370a623436666465373031653331656532
36346238316165343363623933396133633438363064663065623730626432366231303438656561
6630393530383665330a333365656530393832333336353061313232663064343030616237346366
64613832323034303737383763646635613464333738653564643934616436316664373232386130
66646535363361343232383164643035366436343030373833303535343736623037303565363439
36613832393761326166353832393939303266363831313537303564303830383238396236356534
63353932336339626432323538623765323666306133363438373035363132623533613262646639
39653036303066376563643233373838343665663136666236346666363066636566303933656534
37303230643533306364396139333161343333613063373737613636306639333364613334653261
64386236666133396564356331626665646232623437613666333335316232323966623230623734
61353436653530663737646235316564383535616533303030336438323766363735393865623038
33363735363231383730613139663366333064316364656535666337306465356238336230383735
34383364386163383763633261316662613735663638313938646262373132666538666563316637
63646363613632353334653631303664376464653230373534363635393163626433353030396461
34303563643666306437366362666162323461376536343664316634643533613938383234333039
30363165353761306164373738383664303334373464376432643462386361636432333562356365
31623762333639303638623065366430633261393832663830353337656230623464353030393731
61303161303561633063656465373165326337343563303032353165343134666336616630643065
30396633303764656339353636656238653132316364376332363663363665643166613064666536
66353934356237366263316135343564373762326231626264306365383733323363623961343761
39623864643765613535616264356434646264326162313264663838623861373564623739323162
31336333366265616239613337393134663731623732306332316363646330346633393465323066
33613366653733633234623330386435373163643235306566353532653363396331303866666662
38313031346130386339383930346262326230323631393234353537363538313433
